3149
3087
1558
1309
2657
1223
1457
2365
3445
3302
4078
1771
1470
3684
3921
2234
3796
4061
4060
1273
4067
1717
1316
1779
4377
4236
1263
1148
3885
4382
2169
1284
3543
1609
1447
1686
4278
3973
2079
3601
3741
2969
2022
1742
3458
4381
2860
4306
2758
3011
2170
3935
4363
4140
3145
2164
4054
2461
2322
3494
4087
2939
2062
1995
1707
2280
1184
1604
1902
4132
2828
4262
1687
2980
3570
3350
2872
1940
3894
2914
4281
2967
1890
2669
3814
3128
3371
4170
1664
1296
2423
3179
1594
2663
3882
3034
2382
4088
4122
2664
2356
1451
3895
3094
4152
2626
2474
2481
2911
2880
2909
3697
1202
2903
3388
3056
4051
2720
2182
3474
4033
2473
3343
3331
1879
1427
2066
3776
1688
1662
3701
2328
3192
1355
1544
2113
2444
1990
3838
3336
2591
2648
2253
1579
2869
3659
1342
1183
3274
1848
4131
1373
4080
2213
1993
1385
1816
2483
2061
2791
2395
3579
2297
3185
2385
3534
4419
2922
4050
3820
1153
2755
2262
2797
1925
1472
4442
1909
2612
2547
1545
1912
3694
2134
2030
1454
1899
1831
4165
2812
4341
4042
2176
3803
1857
2052
1453
3089
3816
2629
1709
4062
3671
3876
1894
4222
3106
1393
1455
4368
2089
3590
4090
1733
4150
4134
1179
3060
2968
4177
1811
1127
3947
1186
2435
2517
1873
2784
2931
2214
2124
2206
2436
3301
3749
2829
2940
3613
2615
4353
4154
1631
2390
1605
3029
2415
2902
3243
4357
3095
4193
4021
1887
2389
4328
1741
2795
1989
3538
2938
2747
3846
1115
2685
1482
2987
1388
2315
2930
2035
2701
1195
3088
1641
1548
3327
4126
1276
2005
3514
1964
4336
1961
2344
4139
1446
2087
1984
2823
2974
4074
3809
4246
1307
3230
1533
1416
1547
3733
2101
2910
4294
4155
3813
3531
2585
1343
4248
1332
1720
2228
1369
1366
1253
2740
3158
1399
2927
1782
1264
3075
3722
1754
3424
2023
1221
1327
2348
1927
3515
1421
1436
3351
3420
2269
1553
1683
2873
2116
1573
1165
1854
3983
1608
1492
4279
2537
3681
4124
1644
1888
4041
2301
3403
3470
3730
2293
1813
2810
2742
1467
2646
4250
3901
2443
4127
2641
3782
3842
2625
1423
4288
1735
3867
1232
1804
3364
2146
4123
2235
1700
2853
2346
3446
1784
3429
2459
1493
2405
2399
1908
3939
2174
3368
2638
2680
2894
2988
1977
1870
3423
2622
4071
3498
2378
1552
2502
1751
1602
3321
4024
2111
1794
2351
2177
3680
3961
4411
3877
3117
2597
3208
4297
3347
1832
3940
1147
3284
2082
3589
3162
2854
3685
1428
3535
4089
3718
3407
2557
1935
1849
3554
4058
3520
3896
1252
3963
1891
3416
2619
4181
3232
2104
1222
1198
1876
3324
4043
4004
1730
3046
3924
3335
2019
2542
3832
3279
4359
3878
4053
4433
3920
2042
3298
2913
4311
1958
3316
1761
1753
2632
3353
2255
2614
3599
2166
2996
1900
3290
3804
3573
1248
3183
1607
2391
2546
2851
2471
2561
3018
3017
1874
1297
2551
2281
4343
3586
4402
3546
2726
2449
3910
2092
3925
2248
3256
3086
4039
2139
3632
2496
4048
3039
2094
2337
3929
2190
1665
3402
2576
1312
2425
2120
1426
2000
2802
1488
4280
4292
1389
2513
3774
2273
1435
1855
2774
4344
1540
1530
2806
1718
2618
1443
4111
2960
3863
1635
3985
3306
3742
1280
3462
1851
1344
2439
2631
1747
2250
3909
3997
4228
1238
3182
3294
1254
2278
2189
2821
1371
3223
1755
2130
1568
4129
1693
3381
1398
2809
1422
2581
1215
3013
3843
3508
2754
1860
3911
3068
2800
1507
1901
3976
4299
1417
2416
2282
1843
3519
4018
3449
1156
2893
2310
3484
2665
3643
3491
2764
3024
3834
3532
3912
1886
3856
4144
2457
3652
2364
2296
2320
3766
1699
3293
3408
2039
2151
3297
4331
4345
3575
1651
1570
1466
4317
2658
1684
1892
2482
1628
3215
3333
3219
1191
2610
2945
2198
1713
1983
1756
2252
1764
1491
4268
4063
1243
1300
3119
2338
2204
3661
1672
3459
1768
2467
1478
2074
1384
3633
3315
3028
2086
2958
1520
2678
1286
1176
2277
1193
4333
1869
2020
1452
4291
4151
1326
2188
2751
3605
3941
1475
4252
4358
1390
1401
1458
3430
1659
1759
3695
1337
3296
2594
3344
1750
2341
1695
3245
3634
4211
4118
2807
2325
3706
2246
4107
2024
2839
2512
4244
2334
1146
3810
3757
1449
1654
1938
1345
2098
3892
1523
3967
2401
1172
3155
1833
3359
1294
2564
4263
3768
4295
1844
1431
2563
1160
4417
2744
3071
4073
2290
3187
3163
3448
2148
2118
2734
3064
4427
3585
3959
1837
3063
3035
4001
1236
2827
1189
3303
1603
1810
3204
3352
1180
4009
1746
1517
1765
3379
2687
3758
1648
1773
3486
3080
1777
2582
1433
2258
1168
1356
3286
2715
2589
2975
3602
3516
3091
1163
1614
2001
2308
1762
1637
2006
3682
2117
3887
4308
2381
1260
2781
2384
3285
2936
2882
2300
1770
3801
4307
1150
1395
3917
3454
1175
2468
4056
4096
3059
3395
4085
1689
2335
2216
3108
2363
1269
1174
1973
1157
3769
1852
2567
2862
2369
4243
2708
4158
2380
1113
2695
3616
4075
2485
3276
3703
2777
1724
1206
2230
2333
3524
1529
3725
2621
3055
2072
4428
2462
1922
3566
1702
2710
1789
3771
1445
3144
2173
2692
2431
2203
2114
2294
3511
3857
3330
4422
3009
2374
3767
3678
1931
3376
2081
3641
1321
1814
3691
3391
1527
2689
1828
1205
1955
4319
2191
3982
3958
4036
3717
3979
1658
1162
2158
4106
2704
2794
4022
4405
3031
1796
4355
4277
3501
3032
1763
2058
2676
2604
2434
3441
3831
4350
3309
3150
1704
4352
3847
3153
2218
4003
3033
2857
1143
4209
2163
3597
3783
2639
2535
1334
2492
4079
4310
1968
2752
1916
3662
3969
3788
4188
3022
2568
2656
3752
1997
1298
3673
2549
3220
3477
3247
1582
3112
3951
1824
2528
2131
4255
4221
4069
3450
1757
3737
3426
1363
2276
3037
3505
1600
1169
1128
2497
4064
3170
1489
2848
3190
2660
4394
4426
2771
4237
2718
2451
2979
1885
1438
4176
2329
2600
3744
1477
3866
1793
2508
1311
2999
1119
3334
2208
3639
2509
2662
2705
3759
1539
3806
4348
1542
3908
1415
3793
4017
2951
2469
4421
1981
4234
4095
1862
4226
2521
4016
2714
1265
2404
1121
4194
2339
1419
2954
2719
3436
2964
1141
3933
1239
3902
1409
1806
1320
3348
3709
3884
2040
3705
4098
1505
3874
4110
3603
2026
3972
2550
3868
4182
3049
1166
1290
2728
3332
1574
2324
1845
3637
4397
3608
3513
1711
3578
4168
2456
4044
1636
2507
1285
4425
3812
1509
1817
1502
2544
3991
2992
3595
1877
3292
1341
2032
3289
3604
3132
1960
3127
3259
2016
1519
3181
4401
2739
4407
3212
2541
3415
1992
1809
3779
3300
3235
3121
1354
4219
2406
2018
3151
3362
1815
3409
1424
3530
2711
2326
3614
3221
4104
3463
4172
3850
1158
3233
2393
2989
2312
3005
1531
2941
3457
1727
2175
2342
3255
2400
2899
1524
3631
3036
2056
1911
1595
1439
1680
1410
2237
1255
1272
2479
1667
2068
3078
3998
3248
3349
1807
3654
2778
2286
2464
2004
2197
3509
2635
4014
1639
1549
1597
3413
2834
1962
2010
2912
1137
3265
3234
3811
3683
2076
1712
2414
3246
1359
4204
1694
3209
1698
3550
3646
2165
3305
3468
3396
3159
4026
2510
2045
2993
3444
2427
3455
3818
4189
1177
2447
1511
1396
1924
3761
1625
2448
4197
3794
4351
3795
4366
1675
3644
4284
3375
2486
4241
2925
4332
3266
2575
2243
3178
2712
1380
1247
2628
3978
2694
1351
2306
3780
1985
2655
2109
2028
3798
1216
2199
4349
1460
4300
3945
3539
2592
3007
4432
4305
3490
3377
1219
3393
1225
4440
2304
3386
3690
2571
4229
1256
2168
3572
3355
2205
4175
3927
3970
1444
3712
3704
3369
4097
3787
3205
3502
3473
1587
2417
3915
3797
3020
1353
2897
3314
4084
1134
1633
4430
3582
3648
3122
3434
3238
2387
3707
2601
3988
1884
3067
3561
4235
2183
2379
4269
3356
1590
4225
4086
1743
1856
1227
2788
3206
3412
1516
2141
1367
1834
1744
2178
3452
1187
2377
4290
1719
1218
4162
3922
4320
3674
3619
3378
3466
2559
1703
3753
2583
1847
4019
3175
1584
1649
2677
1259
1866
3148
1295
4247
2762
3281
4240
4169
1226
4274
3251
3392
2409
3817
1462
2876
3889
3157
3317
3802
1616
2299
1629
4142
3216
3542
3340
4207
3425
3045
1392
1240
1565
1923
2477
1965
1291
2015
4296
4068
1152
3399
2352
1278
4187
3427
2038
2904
2524
2691
1429
2593
4108
1474
4265
2048
4143
3964
2868
3428
3397
1132
3053
2887
2402
1861
4015
2881
3529
2357
1383
1210
1305
1634
2036
2836
2717
3649
1224
1800
3981
1701
1939
2421
1360
1471
3900
1663
1532
1586
4184
2883
2142
1976
3956
3469
3048
1716
3329
3984
3361
3772
2126
1506
2319
1640
3495
3143
3176
3110
2830
1803
4356
1518
3629
2013
2577
2272
2106
1358
3346
4055
4261
2786
2383
1207
2370
3777
3218
2179
3295
4112
2947
4008
2321
3739
4309
2697
3926
3342
3650
3565
4266
2371
1571
4027
2084
1825
2388
1732
3536
2108
1314
1736
1192
2995
3627
3239
2143
3574
3443
1714
2088
2458
3891
3557
3076
2850
1267
4423
1522
1268
3493
3257
3907
4403
2901
1982
1308
3598
4103
1432
2424
2207
1998
4180
1120
3438
3123
4322
1562
1941
3931
3938
4174
2495
1670
1130
3556
2231
2067
2703
4167
4178
2959
4157
3762
2928
1242
3357
1623
2944
4424
2861
4337
1918
2358
2870
3835
2584
3533
3497
3564
2647
1155
3943
2494
3044
1588
2891
4192
1957
4032
2083
1348
2937
4257
1513
1723
2185
2983
2950
2480
1336
1510
2820
4002
2866
2813
1564
1657
2595
4389
2096
2760
4238
3478
3600
1775
3483
4156
2976
1827
2442
1302
3622
4045
2268
3930
1682
3815
2186
1496
2875
1258
2263
1589
4273
3081
3026
2349
3728
2047
1476
1978
2942
4076
1692
2973
3313
2008
2533
2553
1397
1480
2490
1808
3588
3228
3760
3193
3258
3341
1645
3899
1241
3537
2012
2147
2878
2506
3366
2934
3954
1610
3721
1413
3172
4113
4138
2729
3136
2014
3962
3047
3668
4347
1318
2707
1829
1229
3198
3271
2529
2519
1503
3800
2645
2266
3141
3944
2085
3194
2244
2536
1277
3166
2605
2741
1262
3057
3670
1840
3103
4245
3354
3666
1144
4324
3898
3467
2962
2027
2160
2672
3338
3995
1536
2767
3203
4360
1821
3623
3130
3657
1465
1171
1231
1365
2350
2748
1541
2579
1638
3496
2386
3006
3854
1379
2488
1557
3708
3012
2426
4392
1310
3227
2783
1546
2075
1760
2511
2162
3140
1893
3164
2156
2831
3481
2688
3482
3545
4102
4231
3729
1442
3615
2516
1919
3107
1440
2112
1725
2499
3083
1969
1593
3242
1596
2229
4413
3210
1303
1306
2450
1512
2864
3699
2017
3082
4354
1878
2530
4094
3743
3830
2292
1826
3275
2149
3872
1646
3966
1915
1839
1203
3755
4227
4367
1550
1133
1525
2503
1734
1412
1246
2825
3955
3422
1863
3949
1400
2478
2674
1758
4166
3840
4146
1420
4260
2627
1975
2065
4391
1932
2316
3723
3781
2816
1930
4361
2651
1618
4393
1209
3065
3881
2573
1820
2837
2375
1591
4399
3177
2069
2522
4059
2505
2932
3326
2994
4128
1167
1575
3971
3124
1632
1117
4384
1920
3953
1235
2890
3040
2957
2759
2633
1812
1403
2070
4289
3916
2196
3263
4364
4148
2693
2159
2345
3609
1292
1304
2871
4335
3337
2572
3385
2154
3042
3417
3073
3957
3663
4409
2681
3620
1486
4213
1622
2180
2314
2667
3236
2997
2653
2021
2889
3328
1946
2254
1434
1325
4011
3447
3460
2634
1937
2051
3732
3692
3645
1499
1274
1599
4275
3488
4434
1643
1123
2818
2520
2531
2095
2331
2138
2420
3607
3051
4145
4196
2403
2362
4159
2260
3861
4256
1538
1500
4191
3139
4133
2532
1792
2225
4130
2195
2770
1921
1561
4220
2091
2055
1951
4105
2227
1461
2523
2311
2107
4046
3727
3131
4326
3942
2053
1748
2080
3836
1129
2454
1185
3635
1903
1612
3111
3517
3197
3875
3226
2340
1673
3134
4325
2835
2307
2241
3069
3504
1569
4163
2855
3824
3464
1504
1151
1319
2723
3372
3618
3773
2721
1322
2489
1739
3549
1948
3014
2844
2132
1766
3808
2756
2804
2187
2249
2318
2515
2684
1907
3217
1896
2210
3244
3833
3487
4316
4141
3213
2624
3841
1233
4438
3062
4301
1257
2916
3097
1674
1554
3254
2548
2745
2769
1988
4414
1315
1495
1376
1606
4408
4312
1494
2043
4293
1497
1830
4006
3821
4025
1200
3138
2552
4375
2077
2991
1142
2526
1769
4040
2643
1942
2709
3043
3580
1749
2773
3647
3745
1956
2971
1208
2367
3653
2396
3480
4083
2430
1617
1731
1752
2440
3996
4286
4147
1620
2514
3241
2226
2586
2368
2700
1559
3475
2242
2504
1954
2172
3125
1289
1991
3558
1740
3471
2682
1234
2327
1349
1138
4114
2392
2157
2915
4313
3374
3224
2749
2152
1501
3142
2433
3456
2888
3879
1250
3435
2545
3180
3837
3667
1567
2780
1726
1560
1563
3345
3658
3790
2064
3129
3864
3914
2805
3264
3299
1626
3174
1352
3096
1116
1122
4242
2801
2222
3965
2353
2683
2843
2257
2713
2034
3555
2071
3994
2789
2966
1136
2735
3845
2476
4092
4276
2236
1802
1795
2650
4093
1333
1630
4404
3751
1710
2283
4415
2245
3339
3975
2776
3710
2905
1394
4081
1945
1966
1301
3273
2543
2826
3196
1118
3116
2560
4198
2666
1653
2540
3365
1592
2863
1685
4239
2538
3001
2135
1498
2411
2441
3904
3135
3937
2670
2803
1996
1425
4007
4370
3268
3363
1797
1411
2961
4179
1374
1705
3928
1251
3165
3453
1697
1836
2846
4339
2907
1780
3387
1212
2181
3002
1164
1772
2935
3282
4437
3229
3583
1917
3079
4186
3716
2463
2753
1823
2031
3404
3932
3188
3382
4200
2906
2397
1721
1237
1473
3370
2153
1652
3770
3748
3269
3789
4010
3905
3414
2659
1484
4161
1283
3195
2238
3713
3923
3092
2330
3137
1691
2219
3522
1182
3890
3421
1387
3548
3186
3518
1577
1621
3270
1405
3702
2398
4116
2413
4072
3440
1368
3104
4224
3822
1408
3133
3202
2259
4251
2998
4304
4077
1947
4267
3023
1364
3283
1481
3105
3307
4223
2239
1913
2722
3581
1361
1745
1537
1112
1329
2360
2766
2491
3437
4386
1407
1864
3987
1220
2990
4035
4185
3310
2757
4441
3756
2565
3120
2737
2525
2445
2129
3551
2732
1677
3865
3367
1905
2221
4264
1125
1790
1201
3171
2202
1418
4117
4431
1350
2093
2123
1340
2209
4249
3855
3100
1188
2289
2822
4380
3849
3746
1929
3207
4388
3936
2407
2599
3974
2453
1943
4066
3027
2140
1178
1580
1846
1114
3651
2267
1281
4395
3156
1656
2102
3719
3320
2555
1615
3085
2874
1872
3553
3720
1781
4412
2602
2133
2943
4259
3291
3398
3189
4258
2956
3390
4210
2119
2706
3880
2716
1986
3041
2746
2611
2952
3118
1328
4031
1642
2819
3167
1245
3560
1914
2009
3596
1194
1774
1456
1288
1819
3612
3084
1479
1377
3389
4303
3184
2103
2288
1521
2270
1111
3526
2002
1681
1386
1181
2438
4070
1842
1678
1706
2155
4334
4406
2418
3844
4379
1572
1627
1786
2886
3500
2302
1783
2569
1679
3431
4215
2661
2125
3405
2251
2699
3113
1275
3626
4272
3432
2986
2929
1293
2824
4346
1738
4119
2598
3528
2566
3311
4173
2060
1214
1448
4020
4385
1330
2136
2725
4028
3628
2652
1555
2343
1934
2580
1190
4429
3323
2811
1910
1535
3642
1959
2698
2587
2556
3853
3610
4030
1949
1655
2924
2475
2410
2298
4206
1598
3008
3827
4373
3249
3319
1850
3624
2554
1871
2731
3664
3109
3072
1936
1515
3433
2487
3805
2558
4287
3214
1391
4049
4217
4436
3054
1211
3021
2394
4099
1953
1776
1767
3540
2730
1647
1950
1858
1875
2493
1897
2361
3288
1217
3568
4034
1370
2981
4037
2884
3893
1999
2220
1244
3576
3512
3775
2145
2847
2977
1485
2895
1543
4000
1778
2636
2761
2613
2630
1613
1404
2100
3253
2127
3918
3851
3686
1715
3503
1261
2110
1980
3562
3003
3829
2309
4330
2856
3102
3038
1865
2865
2200
3090
2029
2923
3401
3304
2743
3852
3750
3272
1994
2765
3778
4439
3373
4318
2637
2376
2059
1650
1867
3883
3147
2623
2366
3000
1534
3267
4120
3358
3594
2668
2840
4283
3587
4378
4253
4374
3669
2354
2271
1967
1556
3999
1483
2171
4383
2144
3611
3168
3025
4012
1859
3630
3191
1660
3439
4091
2609
4390
1987
3222
3476
4420
1838
3754
2534
1124
3986
1805
2673
1528
2432
2949
4199
3731
2099
3698
3544
3240
3765
3791
2285
2437
3980
2049
4362
3826
2295
1196
4214
1835
1904
2738
4038
2373
4149
2779
1459
1173
3287
1161
2240
2003
3308
2452
3862
3260
2702
4329
3114
3992
1468
2500
2422
2256
3869
2429
3015
4338
2796
3019
1611
4109
4047
2616
1671
3237
2772
3510
4082
4205
2900
2696
4365
1357
2527
4065
3406
2562
3687
2686
3993
3074
4100
1213
4340
4183
3099
2965
3977
3154
1414
3360
2007
3400
2690
3567
3786
3552
4135
3173
1801
3419
3859
3858
1145
1406
3819
1799
2332
2845
3823
3785
3592
3675
2953
2787
3479
1963
3593
1708
2921
3199
2419
2284
1881
4203
3312
3960
1551
1282
2446
2501
3577
2919
2842
2852
3098
3161
2224
2347
4270
4443
3839
3655
3968
4435
1526
1566
4023
1868
3714
2025
2879
3747
2867
2898
2785
4315
3152
2472
1889
3252
1798
3952
4398
3870
4285
2679
2642
3799
1450
3410
4396
2137
1463
4323
2408
3591
2455
4376
3280
3052
1140
3763
1375
3010
1882
2792
1402
4321
4153
2305
2590
3506
1822
1381
4013
2671
1126
1787
2649
2105
4282
3807
3325
3384
3906
3715
2211
2963
2798
3499
3563
2465
4230
1149
1696
2233
3638
3825
1323
4164
1785
3913
1853
2603
2984
2768
3485
3990
2608
4218
4201
2578
2640
2078
1139
2063
1661
3617
4160
1508
1668
2724
1926
3711
1347
4418
2247
3740
2261
1944
2782
1131
3625
4171
3873
2917
2817
3640
2763
2466
2654
2849
1430
2933
3689
3606
4232
1159
1583
2336
1197
2607
2193
3636
2841
3394
2050
3077
2011
4121
3897
2918
1469
3278
2858
2808
3004
1339
1970
1441
3322
3989
3903
2570
3465
1279
3696
2985
3888
3061
1271
3521
3231
3383
1601
1490
1880
1514
1952
2291
2264
3472
2574
2539
3418
3792
4125
2303
2838
1722
2128
4101
2588
2955
1581
3736
4029
2041
2073
3860
4410
1841
2201
3679
1883
4202
3277
4216
4314
3764
1299
2115
2323
4195
1928
4136
3541
4208
3700
3523
1170
2037
2859
1933
2192
3380
3492
3030
2733
1624
2926
1619
3871
2359
1737
3507
1378
2736
4233
2161
1791
2727
3828
2317
3660
3169
1372
3066
4327
2150
3724
3688
2044
4254
1317
4052
3318
2275
2814
1972
1979
3489
1230
3693
3250
1135
3547
2355
2167
3442
2896
3726
1788
2815
3676
1154
2775
2750
2122
1313
3950
2460
1666
4302
2054
1690
3571
2184
2484
1576
2799
1362
2033
1266
2833
3656
2982
2970
3525
3584
2265
2097
2606
3672
4416
4271
2518
2790
1578
2908
4400
4005
4372
2090
3946
1382
2892
3461
2428
3115
3093
4369
3050
3200
3451
1585
4298
1228
2313
2232
2978
2274
3070
1437
3146
2470
2617
2620
2412
1971
4371
1199
3948
1898
3735
1729
2948
3016
2121
2920
2946
1818
3211
3559
3262
2279
4115
3934
3784
2217
2498
4444
1331
2372
3734
3058
3738
2675
1346
2215
2057
1728
2832
3126
3411
3677
2972
2877
4342
3527
1906
2046
3160
2885
1335
3225
1204
4212
3919
2212
4387
1249
1287
4190
1676
3261
3621
1974
2644
4137
1324
2223
3201
1270
1895
1464
3848
1338
2287
1669
2194
2793
3665
2596
4057
3101
3886
1487
3569
